1 1 1 1 1 1 1 1 1 1 1 1 1 1 1 1 1 1 1 1 1 1 1
1 0 0 9 0 0 5 5 5 0 0 8 6 0 0 8 6 0 0 8 6 0 0 8 1
1 0 0 12 0 0 0 0 0 0 0 5 5 0 0 5 5 0 0 5 5 0 0 8 1
1 0 0 9 0 0 0 0 0 0 0 0 0 0 0 0 0 0 0 0 0 0 0 8 1
1 0 0 12 0 0 0 0 0 0 0 0 0 0 0 0 0 0 0 0 0 0 0 8 1
1 0 0 9 0 0 0 0 8 7 7 7 7 7 7 7 7 7 7 6 0 0 8 1
1 10 13 11 0 0 0 0 0 8 5 5 5 5 5 5 5 5 5 5 6 0 0 8 1
1 0 0 0 0 0 0 0 0 0 0 0 0 0 0 0 0 0 0 0 0 0 0 8 1
1 0 0 0 0 0 0 0 0 0 0 0 0 0 0 0 0 0 0 0 0 0 0 8 1
1 4 0 0 0 0 0 0 8 7 7 7 7 7 7 7 7 7 7 6 0 0 8 1
1 4 0 0 0 0 0 0 8 5 5 5 5 5 5 5 5 5 5 5 6 0 0 8 1
1 4 0 0 0 0 0 0 0 0 0 0 0 0 0 0 0 0 0 0 0 0 8 1
1 4 0 0 0 0 0 0 0 0 0 0 0 0 0 0 0 0 0 0 0 0 8 1
1 4 0 0 0 0 0 0 7 7 7 7 7 7 7 7 7 7 7 7 7 7 1 1
1 1 1 1 2 3 1 1 1 1 1 1 1 1 1 1 1 1 1 1 1 1 1